123456789,1
234567890,2
345678901,3
456789012,4
567890123,5
678901234,6
789012345,7
890123456,8
901234567,9
012345678,10
123456790,11
234567891,12
345678902,13
456789013,14
567890124,15
678901235,16
789012346,17
890123457,18
901234568,19
012345679,20
123456791,21
234567892,22
345678903,23
456789014,24
567890125,25
678901236,26
789012347,27
890123458,28
901234569,29
012345670,30
123456792,31
234567893,32
345678904,33
456789015,34
567890126,35
678901237,36
789012348,37
890123459,38
901234570,39
012345671,40
123456793,41
234567894,42
345678905,43
456789016,44
567890127,45
678901238,46
789012349,47
890123460,48
901234571,49
012345672,50
